48.831986 17.838344
48.820501 17.794912
48.801100 17.818661
48.756865 17.830858
48.787461 17.778967
48.711989 17.786836
48.784757 17.735927
48.776772 17.695253
48.713907 17.727809
48.737948 17.723987
48.725133 17.752067
48.736567 17.708356
48.750336 17.663972
48.756295 17.641134
48.757100 17.569804
48.775659 17.609592
48.792012 17.588047
48.792859 17.566661
48.798244 17.471526
48.724316 17.611131
48.722500 17.578967
48.702986 17.685394
48.681786 17.669136
48.655884 17.842747
48.649144 17.803142
48.652255 17.767204
48.674192 17.774022
48.689297 17.784218
48.687941 17.849434
48.672908 17.853675
48.671689 17.587819
48.700129 17.591831
48.664621 17.541319
48.698906 17.496507
48.791242 17.405079
48.706672 17.845925
49.045432 18.256657
49.036419 18.247871
49.028367 18.211998
49.017682 18.200194
49.041869 18.216293
49.044742 18.166611
49.038109 18.286965
49.009825 18.261402
48.997019 18.233698
48.978075 18.314642
48.940201 18.305300
48.913109 18.298591
48.961148 18.169156
48.933560 18.117626
48.909035 18.167912
48.901752 18.227155
48.870971 18.172376
48.831332 18.186492
48.818871 18.149411
48.805971 18.190994
48.779563 18.197845
48.762891 18.214905
48.721034 18.259972
48.758597 18.262128
48.770485 18.239424
48.776559 18.281035
48.766556 18.345501
48.743288 18.337050
48.808106 18.351524
48.736229 18.299128
48.811340 18.234906
48.834638 18.232216
48.846189 18.241305
48.836400 18.263542
48.822432 18.300426
48.850603 18.291905
48.866609 18.333866
48.720436 18.315064
48.702068 18.300326
48.681183 18.293674
48.669517 18.312897
48.679833 18.317888
48.669481 18.257828
48.646275 18.278193
48.625090 18.303604
48.609364 18.343881
48.596559 18.309585
48.593441 18.293613
48.580991 18.321042
48.563123 18.303775
48.548664 18.344161
48.578112 18.246837
48.622987 18.247285
48.610176 18.274045
48.648558 18.252392
48.649988 18.232307
48.673746 18.227059
48.657585 18.217608
48.647036 18.197357
48.655890 18.178469
48.670992 18.173208
48.679848 18.157837
48.691800 18.145280
48.698447 18.139677
48.712693 18.121433
48.703392 18.194815
48.695111 18.207923
48.704203 18.227215
48.707690 18.225239
48.694212 18.249819
48.728190 18.142325
48.733071 18.180539
48.743923 18.190319
48.761567 18.163378
48.769304 18.142941
48.763187 18.108001
48.786287 18.163349
48.821426 18.118851
48.832769 18.062160
48.863436 18.086410
48.849051 18.017804
48.842682 17.987517
48.785637 17.990714
48.898675 18.060281
48.879049 17.967311
48.928065 18.072442
48.649134 17.883003
48.658017 17.880381
48.642427 17.896941
48.651771 17.948119
48.658193 17.980437
48.698944 17.887522
48.718355 17.892924
48.733906 17.888139
48.744357 17.887200
48.764179 17.920855
48.789129 17.895412
48.818634 17.946576
48.802003 17.859888
48.822328 17.866897
48.820323 17.881812
48.829602 17.904546
48.840242 17.911075
48.850985 17.926230
48.867888 17.943899
48.894107 17.956903
48.852426 17.982982
48.859847 17.977412
48.967052 18.119399
48.909176 18.050804
48.957818 18.034265
48.974542 17.977707
48.990768 18.101779
48.978553 18.138497
48.985363 18.154475
48.991275 18.170191
48.999109 18.179680
49.013349 18.173656
49.247343 18.308702
49.229840 18.214509
49.188085 18.232295
49.197007 18.194981
49.202676 18.250240
49.179945 18.252417
49.175755 18.258535
49.146421 18.289876
49.121092 18.325963
49.094347 18.325076
49.066569 18.286480
49.064899 18.206211
49.086385 18.186240
49.063926 18.153535
49.109691 18.213678
49.068576 18.226600
49.080677 18.262092
49.108626 18.250114
49.149588 18.218924
49.064155 18.328279
49.108967 18.307390
48.722705 18.755768
48.608555 18.489411
48.629915 18.468464
48.641602 18.484955
48.632136 18.436265
48.606612 18.436398
48.593134 18.424031
48.659633 18.514172
48.584842 18.500669
48.984147 18.400387
49.043642 18.455153
49.016862 18.475514
49.027975 18.498488
49.016610 18.525301
49.019186 18.545525
49.044136 18.553747
48.912821 18.658060
48.949943 18.430959
48.887510 18.395084
48.776887 18.388188
48.681799 18.373299
48.660139 18.380235
48.625248 18.374127
48.883956 18.491212
48.868481 18.476737
48.843039 18.488060
48.823589 18.480417
48.794976 18.476846
48.810306 18.512799
48.820340 18.503144
48.801236 18.536850
48.781367 18.585309
48.773367 18.626217
48.770332 18.543097
48.764208 18.571088
48.738480 18.600075
48.732237 18.619359
48.719098 18.539820
48.747182 18.495266
48.766697 18.493064
48.714123 18.641952
48.695644 18.594533
48.685245 18.633556
48.777392 18.695158
48.798550 18.700889
48.780077 18.726827
48.779631 18.709842
48.772018 18.743900
48.770204 18.756781
48.820928 18.643718
48.819019 18.621025
48.817400 18.586943
48.833315 18.590225
48.844789 18.639974
48.857803 18.650616
48.871555 18.633655
48.854120 18.615954
48.892991 18.616944
48.883922 18.557007
48.808779 18.458681
48.731057 18.470181
48.703517 18.394603
48.711241 18.429926
48.703852 18.446188
48.645035 18.412476
48.686926 18.525795
48.676171 18.552797
48.620415 18.403134
48.807300 18.490605
48.639043 18.425372
49.167794 18.499238
49.180282 18.450485
49.194282 18.440289
49.214661 18.425726
49.231268 18.409416
49.135798 18.519437
49.126610 18.531114
49.129740 18.564030
49.107639 18.561426
49.084322 18.519853
49.070382 18.511813
49.069409 18.572545
49.054813 18.418553
49.065721 18.431749
49.077959 18.404846
49.068220 18.362447
49.206583 18.357765
49.182876 18.356400
49.138682 18.355456
49.115636 18.442111
49.166472 18.401619
49.186077 18.384347
48.841834 17.833282
48.878519 17.795354
48.556741 18.372566
48.768395 18.305662
49.051166 18.406833
48.936591 18.146204
48.933521 18.038450
48.801613 18.112736
48.763468 18.380180
48.615435 17.709945
48.543173 17.766785
48.817904 17.731966
48.761320 17.799803
48.721679 17.679448
48.748213 17.498355
48.796333 17.435577
48.751893 17.456688
48.652399 17.667491
48.624298 17.709145
48.632975 17.728883
48.624698 17.671964
48.631221 17.688740
48.622319 17.754304
48.612469 17.763424
48.616641 17.785356
48.606095 17.821255
48.630002 17.800456
48.678430 17.565635
48.736906 17.557756
48.577273 17.451641
48.615896 17.486090
48.583053 17.468688
48.641646 17.445587
48.606948 17.667624
48.603478 17.659320
48.597011 17.759447
48.609819 17.742946
48.622627 17.726446
48.587725 17.809268
48.600805 17.781746
48.572591 17.812069
48.636035 17.517383
48.746826 17.673305
48.744754 17.623261
48.765755 17.596081
48.727055 17.473358
49.157701 18.176336
49.051986 18.317168
49.033369 18.068595
49.028742 18.230613
48.948414 18.141146
48.852545 18.200757
48.745715 18.222512
48.742701 18.243682
48.697319 18.281913
48.549361 18.217054
48.551972 18.254218
48.543033 18.255264
48.567360 18.217283
48.496315 18.239170
48.507334 18.249758
48.505295 18.238582
48.523257 18.227406
48.535664 18.235596
48.589023 18.226292
48.601292 18.209047
48.587502 18.207627
48.610239 18.228733
48.622040 18.266840
48.683061 18.246448
48.632667 18.160326
48.611704 18.180407
48.758108 18.203455
48.808797 18.105521
48.833060 18.004939
48.900577 18.030790
48.509372 18.280933
48.566328 17.825475
48.579859 17.851450
48.614512 17.867089
48.600085 17.844267
48.766719 17.878818
48.804595 17.887838
48.856914 17.948237
48.881113 17.949455
48.910937 17.877671
48.943042 18.047440
49.250869 18.191118
49.126643 18.321370
49.081141 18.343912
49.092413 18.241231
49.038696 18.357988
49.070492 18.338793
49.179414 18.241375
48.703736 18.843746
48.616439 18.456949
49.026810 18.456324
48.769028 18.360088
48.666549 18.355634
48.626429 18.353176
48.880893 18.443124
48.849304 18.450722
48.781494 18.607010
48.721171 18.496220
48.621344 18.389917
48.729374 18.573042
49.153275 18.438311
49.129650 18.471343
49.082247 18.536956
49.073008 18.381873
49.154006 18.405192
49.105585 18.430832
49.147474 18.531110
48.813193 17.836981
48.881927 17.759516
48.557882 17.789427
48.725733 17.464456
48.955132 18.126101
48.919191 18.011968
48.897969 18.013641
49.228518 18.503650
49.199367 18.482527
49.221231 18.498369
49.234720 18.467871
49.196527 18.454074
49.181250 18.484555
49.176346 18.520168
49.214358 18.517687
49.235553 18.534414
49.202728 18.499201
49.231339 18.521050
49.245645 18.531975
49.048569 18.623904
49.022892 18.626063
49.044404 18.615926
49.047568 18.579583
49.009581 18.629405
49.012219 18.620102
48.997904 18.635107
49.017025 18.596735
49.014612 18.605799
49.058312 18.602097
49.062813 18.609891
48.982159 18.560874
48.942003 18.581413
49.209881 18.504663
49.008072 18.575423
49.043841 18.593652
49.043030 18.571811
49.007110 18.589437
48.948998 18.491182
48.924387 18.559271
48.878103 18.714390
48.876648 18.696449
48.960929 18.438038
48.733907 18.161833
48.553404 18.233195
48.508353 18.260345
