49.448768 18.569111
49.442999 18.735041
49.405377 18.731291
49.421816 18.695266
49.405285 18.626587
49.422623 18.677758
49.409117 18.654829
49.381298 18.646321
49.413705 18.543527
49.313835 18.743575
49.314820 18.719221
49.286663 18.743133
49.272206 18.747927
49.303008 18.629925
49.291034 18.583778
49.370049 18.480156
49.379050 18.546238
49.272316 18.695858
49.480574 18.792323
49.437315 18.786432
49.496089 18.899020
49.507626 18.848165
49.436291 18.883121
49.380811 18.884691
49.353560 18.894531
49.346892 18.938764
49.344387 19.008364
49.322642 18.940858
49.292080 18.956073
49.361086 18.822291
49.334938 18.867248
49.311936 18.808158
49.300808 18.786294
49.292964 18.791103
49.278414 18.830182
49.268296 18.848356
49.338256 18.811442
49.389084 18.832590
49.348162 18.791445
49.367521 19.182837
49.389478 19.296270
49.386615 19.382180
49.374542 19.339727
49.367699 19.412670
49.349858 19.385169
49.331914 19.383176
49.324495 19.349656
49.360897 19.303270
49.427809 19.266449
49.430677 19.341465
49.460237 19.324054
49.470542 19.381941
49.505542 19.517746
49.448098 19.512337
49.428693 19.543250
49.481371 19.480493
49.438444 19.490600
49.407206 19.482098
49.388638 19.436182
49.385121 19.469695
49.265632 19.444102
49.282804 19.480414
49.306078 19.484310
49.311857 19.520741
49.336941 19.555025
49.361075 19.543570
49.521886 19.445557
49.509295 19.410045
49.285813 19.552664
49.360542 19.611609
49.360408 19.674580
49.362478 19.691461
49.355260 19.728246
49.369186 19.756782
49.365822 19.790088
49.321598 19.607447
49.341354 19.652426
49.275646 19.606250
49.272566 18.533299
49.223246 18.559635
49.241563 18.601929
49.263270 18.645454
49.248757 18.464907
49.209445 18.489942
49.188356 18.520800
49.197651 18.530987
49.183368 18.564868
49.257357 18.656569
49.221321 18.622241
49.212206 18.638677
49.207822 18.671174
49.223447 18.661422
49.231603 18.629381
49.203783 18.692764
49.189316 18.671968
49.169646 18.675843
49.173038 18.643403
49.173665 18.721844
49.223728 18.740108
49.253427 18.697430
49.179494 18.768845
49.162772 18.778045
49.150128 18.755225
49.154448 18.724525
49.152430 18.675884
49.119395 18.705136
49.125220 18.685684
49.113904 18.678307
49.098810 18.710360
49.087778 18.686026
49.107103 18.646451
49.120672 18.647245
49.109736 18.638159
49.088070 18.635597
49.062595 18.653670
49.091882 18.590067
49.102678 18.596626
49.045451 18.634603
49.011630 18.602778
49.211285 18.593691
49.070567 18.629471
49.257971 18.523823
49.264929 18.785472
49.263701 18.878297
49.248959 18.837433
49.225825 18.795336
49.219972 18.835926
49.212037 18.847600
49.214246 18.885693
49.224801 18.908574
49.214987 18.917045
49.243056 18.921284
49.239397 18.943328
49.257612 19.031633
49.271007 19.150411
49.180242 18.866971
49.186069 18.866392
49.173629 18.819332
49.199288 18.820680
49.111657 18.924781
49.100965 18.992155
49.128788 18.923699
49.116169 18.948628
49.125158 19.090153
49.135929 19.085998
49.108123 19.078468
49.115153 19.035219
49.085722 19.022298
49.051731 19.026041
49.150953 19.084070
49.085032 19.055104
49.045519 19.003775
49.036470 18.985103
49.021742 18.993434
49.004351 18.975855
49.051052 18.964190
49.050044 18.957496
49.064964 18.921265
49.040988 18.964543
49.032947 18.969443
49.025385 18.922876
49.028135 18.903875
49.050550 18.881139
49.024371 18.860928
49.014926 18.860081
49.151609 19.126257
49.119933 19.167713
49.030289 18.890140
49.195851 19.200048
49.177482 19.213629
49.211631 19.222302
49.205204 19.245253
49.194092 19.268294
49.182574 19.316412
49.175713 19.295053
49.145636 19.171463
49.118384 19.188684
49.081767 19.304320
49.051648 19.355310
49.046512 19.330895
49.069336 19.343153
49.090095 19.352878
49.062096 19.391164
49.091872 19.336222
49.091664 19.309117
49.140538 19.292820
49.146735 19.243964
49.189032 19.352480
49.184875 19.388078
49.127557 19.402841
49.095605 19.440341
49.093581 19.408998
49.099377 19.411873
49.106883 19.382978
49.100831 19.444877
49.126542 19.415753
49.113600 19.448426
49.116292 19.479820
49.093428 19.474036
49.134922 19.470434
49.147419 19.469066
49.145618 19.501774
49.140703 19.491629
49.144716 19.513525
49.121766 19.546936
49.184894 19.433502
49.198312 19.518158
49.227695 19.532764
49.169128 19.541339
49.152294 19.546028
49.136640 19.578096
49.217782 19.379795
49.202637 19.393750
49.234708 19.343649
49.261356 19.358365
49.221303 19.404938
49.255505 19.402151
49.229812 19.464492
49.261249 19.430583
49.072406 19.530750
49.050099 19.535625
49.051660 19.482977
49.038887 19.499805
49.032277 19.475432
49.028647 19.544168
49.071765 19.458554
49.063408 19.435490
49.125042 19.197851
49.208768 19.296033
49.226436 19.324366
49.219325 19.566270
49.259169 19.613385
49.131318 19.586017
49.142741 19.603025
49.138213 19.630021
49.120092 19.651200
49.108910 19.676197
49.097685 19.712593
49.130911 19.665109
49.121532 19.614173
49.083730 19.613274
49.112559 19.618933
49.056598 19.649920
49.048418 19.678075
49.036101 19.721444
49.021095 19.793091
49.030750 19.735998
49.054861 19.737212
49.070278 19.760266
49.055512 19.694398
49.071898 19.710884
49.076874 19.682042
49.097794 19.796804
49.113400 19.715300
49.102758 19.724254
49.090172 19.818655
49.045648 19.828973
49.058515 19.888573
49.059631 19.682845
49.058954 19.982383
48.856453 18.794118
48.894157 18.809183
48.903524 18.839606
48.911056 18.812210
48.936942 18.795474
48.943041 18.806179
48.943632 18.828469
48.939827 18.843596
48.927950 18.832554
48.904861 18.849667
48.937306 18.925002
48.909473 18.887536
48.949996 18.867064
48.957513 18.878334
48.959877 18.901557
48.989031 18.879366
49.000504 18.883154
48.953500 18.841506
48.980151 18.857622
48.972357 18.822623
48.973426 18.804653
48.968634 18.949457
48.985805 18.967280
48.976835 18.913753
48.995364 18.872050
49.001635 18.850248
48.881551 18.879486
48.847274 18.905179
48.862906 18.885931
48.757214 18.926749
48.786750 18.835918
48.851510 18.858688
48.824334 18.883673
48.954998 18.515678
48.909064 18.759256
48.919122 18.736902
48.873245 18.757522
48.879264 18.725695
48.889116 18.765918
48.885144 18.747044
48.890071 18.776559
48.969583 18.705873
48.951490 19.263889
48.935321 19.331061
48.970615 19.580319
48.925168 19.751398
48.947797 19.766566
48.980694 19.769882
48.920224 19.178932
49.164645 18.588139
49.198397 18.869477
49.374079 19.445613
49.061468 19.503794
49.032991 19.563118
48.928102 18.838837
49.090270 18.578176
48.941142 18.475802
48.733225 18.910177
48.841914 18.674837
49.212644 18.554010
49.181351 18.504056
49.216472 18.536315
49.212402 18.522123
49.086903 18.552848
49.196316 18.500352
48.738036 18.921562
49.410439 18.590727
49.401543 18.582678
49.397429 18.617275
49.465699 18.537227
49.384286 18.437151
49.389911 18.420158
49.424031 18.840303
49.402471 18.849235
49.479336 18.881260
49.385555 19.455142
49.458936 19.284733
49.408147 19.340140
49.494411 19.454024
49.437077 19.507587
49.376927 19.436633
49.353763 19.524446
49.452367 19.581637
49.386740 19.314667
49.412803 19.471483
49.356172 19.584816
49.380495 19.661895
49.255549 18.541624
49.215222 18.510459
49.209701 18.565643
49.170501 18.707758
49.213788 18.720601
49.233627 18.739053
49.215258 18.750395
49.151862 18.648790
49.138241 18.711048
49.113311 18.656721
49.230177 18.718522
49.195970 18.685928
49.168849 18.658708
49.110925 18.696635
49.104912 18.686254
49.096457 18.677740
49.080243 18.644692
49.158899 18.704685
49.211804 18.774558
49.252031 18.750024
49.285349 18.771158
49.200294 18.845127
49.231073 18.934687
49.233768 18.972540
49.191202 18.831687
49.122948 19.026092
49.092227 18.950731
49.122899 18.935553
49.099574 19.019735
49.154721 19.137847
49.112149 18.935835
49.015232 18.945047
49.195545 19.228541
49.075416 19.319309
49.056502 19.339553
49.082973 19.375428
49.093981 19.392147
49.127001 19.502699
49.134805 19.516477
49.216558 19.539260
49.230290 19.314390
49.059275 19.492251
49.064222 19.521972
49.053301 19.471501
49.059396 19.446449
49.155620 19.521574
49.113062 19.605673
49.100740 19.589846
49.077043 19.650941
49.064653 19.743348
49.044625 19.558390
49.032224 19.779252
49.069640 19.672467
49.106984 19.812388
49.060764 19.838525
49.054960 19.915439
49.065747 19.683818
49.071171 19.597484
48.901506 18.827779
48.909984 18.873918
48.929732 18.896618
48.964773 18.886162
48.978856 18.901926
48.862590 18.868992
48.879443 18.854021
48.841193 18.883352
48.872793 18.812726
48.760232 18.886489
48.762686 18.904433
48.771607 18.873875
48.821701 18.910311
48.965457 18.813627
48.954299 18.893269
48.945855 18.836371
48.933296 18.808921
48.909429 18.797314
48.888911 18.863489
48.829940 18.926423
48.995747 18.577925
48.874593 18.741330
48.892797 18.754946
48.970758 18.737194
48.966565 18.763787
48.908705 18.773652
48.937205 18.464474
