48.030579 17.199587
48.546348 17.030841
48.503957 17.000955
48.500038 16.972380
48.466236 16.923597
48.446445 16.987046
48.435935 17.017944
48.413061 16.927280
48.382331 16.852617
48.406964 16.857109
48.363638 16.973153
48.374823 16.997310
48.329479 16.909586
48.318259 16.982947
48.331676 17.043177
48.273607 17.033781
48.248935 17.061598
48.264992 17.087858
48.157153 17.149965
48.100182 17.232694
48.080062 17.258150
48.059028 17.252639
48.038022 17.252728
48.141196 17.271585
48.156641 17.298715
48.105120 17.298598
48.167709 17.277344
48.199272 17.299038
48.227644 17.292015
48.255872 17.276892
48.271135 17.303208
48.251193 17.216179
48.290404 17.219790
48.288526 17.268130
48.312006 17.297952
48.348274 17.098085
48.368035 17.143565
48.407117 17.155422
48.456992 17.169520
48.464321 17.230597
48.511058 17.303107
48.483248 17.259270
48.527463 17.134082
48.189707 17.259332
48.149754 17.119357
48.203421 17.205075
48.194563 17.049236
48.241799 17.038233
48.154679 17.053884
48.117814 17.109072
48.127171 17.214323
48.207339 16.975960
48.142851 17.336801
48.158034 17.368002
48.179958 17.353631
48.189678 17.387449
48.171128 17.420771
48.186632 17.433274
48.152307 17.437040
48.197688 17.450376
48.180104 17.479026
48.232187 17.450099
48.238550 17.433059
48.267580 17.417506
48.297575 17.345764
48.356369 17.410381
48.334522 17.394051
48.308344 17.447010
48.292231 17.456111
48.269577 17.475823
48.285801 17.461557
48.332223 17.449308
48.367228 17.341438
48.390771 17.331214
48.399013 17.357350
48.415329 17.377122
48.384535 17.397362
48.220366 17.397644
48.335545 17.307716
48.213337 17.361817
48.065259 17.114339
48.055157 17.146398
48.145747 17.205805
48.173548 17.134597
48.211069 17.154975
48.180437 17.043703
48.175171 16.985809
48.426826 17.042727
48.371524 17.015315
48.401422 16.899642
48.398179 16.914157
48.325194 17.010827
48.302687 16.972222
48.261125 17.031508
48.202233 17.026216
48.174501 17.082045
48.152931 17.083211
48.168017 17.109235
48.169232 17.154737
48.135564 17.096636
48.126557 17.097805
48.138171 17.114836
48.135994 17.132773
48.092658 17.120248
48.033021 17.098039
48.076150 17.128681
48.223668 16.987335
48.133606 17.287810
48.107598 17.280951
48.201678 17.230035
48.195376 17.268270
48.217870 17.178720
48.301072 17.288839
48.188745 17.297883
48.553921 17.025750
48.241088 17.010726
48.168630 17.126607
48.267738 17.238769
48.257405 17.256717
48.220258 17.256764
48.392050 16.866196
48.185939 17.200317
48.190845 17.057748
48.157913 17.187940
48.170675 17.170441
48.082690 17.273994
48.140923 17.155881
48.141932 17.181806
48.138299 17.418201
48.148826 17.412552
48.105642 17.343229
48.104895 17.364338
48.091631 17.369807
48.103395 17.329608
48.102441 17.311272
48.115583 17.348001
48.131238 17.355607
48.145962 17.379228
48.134888 17.389068
48.104111 17.390006
48.239960 17.351770
48.257968 17.382624
48.223379 17.380801
48.212433 17.402792
48.209099 17.422091
48.217125 17.356090
48.185038 17.409674
48.340624 17.331963
48.341682 17.374059
48.326774 17.429005
48.445896 17.410487
48.415582 17.377399
48.439816 17.403851
48.421662 17.384035
48.094106 17.392043
48.104161 17.399285
48.181354 17.386263
48.233649 17.407796
48.545698 17.315380
48.528614 17.309327
48.545345 17.315255
48.552157 17.064384
48.553930 17.109432
48.530353 17.082297
48.083235 17.360825
48.208166 17.051096
