1018
1 6 9
1 665 8
2 3 5
3 4 4
4 5 3
5 6 5
2 666 7
671 670 1
669 671 2
669 668 1
668 7 3
7 667 2
668 667 2
668 10 2
7 6 4
8 9 5
667 672 3
8 672 1
6 704 6
672 42 2
9 11 2
670 11 6
677 887 1
666 39 4
5 734 8
674 645 1
674 21 3
11 31 3
31 32 3
32 707 3
707 12 3
12 681 7
741 691 3
691 17 1
17 690 1
690 14 1
14 15 1
15 674 5
21 20 2
21 22 4
22 29 2
29 699 2
699 26 10
28 27 3
27 26 4
27 703 5
703 702 3
705 758 2
705 706 3
701 696 2
696 698 2
698 20 5
696 888 2
694 693 2
693 689 3
689 687 3
687 682 3
682 685 3
685 680 3
681 680 2
680 679 2
679 677 5
677 676 2
676 11 2
680 673 1
685 695 2
695 683 3
682 683 3
688 689 3
686 687 3
687 13 3
888 694 1
13 14 5
14 19 3
19 18 2
18 20 3
19 692 4
692 694 3
707 33 2
33 708 2
24 25 3
25 699 2
23 22 2
23 697 3
697 698 2
700 696 3
685 684 2
16 691 2
676 675 2
678 677 3
693 692 2
184 30 4
26 92 4
690 16 1
708 679 5
213 785 2
774 213 3
779 776 2
779 780 2
711 79 1
730 79 2
730 711 2
711 35 1
35 34 2
34 710 3
711 709 6
36 709 5
709 710 11
79 731 3
731 36 1
731 39 5
36 39 3
730 37 3
37 712 7
712 40 2
37 50 2
50 49 3
49 717 4
717 710 5
712 38 2
40 735 1
735 704 2
704 734 2
735 734 3
40 713 3
713 41 2
41 42 1
713 82 1
15 18 2
9 43 4
43 44 2
45 714 2
44 45 3
45 46 2
77 46 4
714 47 3
47 78 2
77 78 5
715 40 7
78 736 1
736 53 3
736 54 5
736 737 2
737 55 4
55 83 2
83 721 3
152 153 2
148 749 2
149 749 1
151 152 4
750 151 2
137 136 3
738 719 8
718 738 2
719 721 4
721 720 6
720 52 1
737 52 5
720 57 4
715 84 2
84 77 2
84 739 1
739 738 9
739 51 5
51 718 4
718 716 3
716 48 2
717 48 4
732 48 4
716 80 4
80 733 1
733 732 1
733 81 2
81 85 2
85 733 3
85 715 3
712 732 7
40 740 2
740 712 1
81 740 4
57 729 3
729 67 9
729 76 2
719 722 2
722 56 3
56 58 4
58 57 2
722 59 9
59 725 7
725 724 3
725 60 3
60 723 3
67 726 2
726 64 3
64 68 2
726 66 3
68 69 5
64 62 5
62 63 3
62 61 4
68 727 3
727 65 2
727 70 6
728 74 2
74 75 4
75 150 10
76 149 3
52 148 4
728 156 5
161 160 5
161 167 8
160 159 3
159 138 8
138 140 3
748 140 3
156 155 3
155 154 8
154 140 4
167 166 6
166 754 3
754 168 1
166 753 2
753 163 4
753 752 5
752 165 2
752 133 3
164 752 2
162 751 1
158 157 6
157 138 4
141 748 2
142 140 2
144 143 3
748 143 4
754 169 2
138 751 6
751 133 5
133 747 4
133 134 6
747 132 2
747 131 4
131 129 3
170 129 3
170 755 4
755 172 2
129 127 3
127 124 5
124 123 4
172 174 4
174 173 4
755 171 2
127 126 2
126 125 3
124 125 2
130 127 2
134 135 4
135 114 3
114 113 4
123 116 4
116 121 3
121 746 1
179 746 1
113 112 2
112 745 1
117 745 2
745 118 3
118 116 4
116 120 2
119 116 4
112 108 3
108 110 2
110 109 3
115 113 2
111 108 5
110 106 3
107 177 5
106 744 3
92 93 2
93 176 2
12 741 4
742 664 1
98 742 4
742 97 2
741 86 4
86 99 5
101 99 2
102 101 3
99 100 3
101 103 5
103 104 3
104 743 6
744 743 2
744 105 2
743 89 11
89 21 3
91 22 2
90 29 2
88 21 3
87 645 2
88 89 2
96 95 2
95 92 4
94 93 3
175 176 3
173 602 3
714 98 4
760 216 1
760 762 2
213 212 3
212 211 1
217 759 7
758 224 5
216 210 4
210 215 3
762 209 3
215 214 3
214 213 3
211 206 2
206 778 2
778 779 2
224 227 7
759 190 2
760 761 1
195 192 2
192 194 2
194 198 2
227 225 3
766 767 2
767 203 2
198 199 2
766 199 2
199 765 3
765 200 3
765 202 2
203 204 3
204 205 2
207 205 3
207 773 3
205 768 3
225 188 1
188 217 3
185 184 1
185 186 2
184 183 3
183 182 3
188 187 2
225 226 3
217 219 2
219 218 1
218 220 4
220 221 5
221 222 2
222 223 4
223 224 3
220 785 7
785 784 1
784 787 6
784 786 3
208 774 1
208 209 5
208 207 4
200 201 3
763 764 3
200 763 5
764 201 3
764 197 1
197 196 8
196 194 7
771 770 3
768 770 3
770 769 2
773 772 2
772 775 2
775 776 2
776 777 3
769 783 3
190 756 2
756 760 3
209 774 7
779 774 9
206 772 1
762 195 3
195 766 5
192 761 4
772 771 5
767 207 7
780 788 1
788 776 2
769 789 2
789 782 2
789 763 2
790 761 1
790 191 3
790 193 3
758 702 7
182 28 4
185 176 5
185 653 4
759 181 2
761 654 5
181 757 1
757 653 3
189 653 2
349 814 3
814 350 2
350 334 4
338 337 2
337 335 3
335 334 3
338 339 2
339 340 2
340 813 3
813 332 2
332 343 2
343 344 3
334 812 8
812 354 2
871 872 1
871 367 3
817 367 1
816 817 2
816 357 1
357 356 3
355 354 5
818 370 1
370 313 5
313 311 3
311 293 4
293 248 6
248 250 3
250 252 4
252 804 2
804 253 2
253 801 2
229 795 4
795 233 2
233 797 2
797 242 3
242 798 4
798 800 3
800 190 6
190 654 4
799 253 5
662 802 2
802 267 3
267 269 4
269 270 4
270 803 1
281 284 3
281 280 3
284 805 1
805 806 1
806 273 4
273 267 4
351 814 2
352 353 5
353 334 3
364 362 4
363 362 3
362 361 2
361 815 2
360 359 2
359 815 2
815 358 2
358 357 2
365 816 2
263 657 3
658 230 3
817 366 2
366 368 2
369 818 6
818 372 4
368 369 4
662 801 1
805 660 1
661 806 1
349 348 2
348 347 2
347 346 3
346 338 2
341 813 4
342 343 5
337 336 2
330 331 3
331 332 4
345 344 2
330 329 2
329 328 5
810 329 2
810 333 4
333 811 4
812 811 2
811 326 3
326 325 2
325 324 4
324 320 4
320 319 4
328 327 4
327 318 5
318 317 4
320 316 2
316 315 2
322 809 2
809 321 1
321 315 3
326 323 3
323 809 2
315 314 3
354 792 2
792 818 3
792 309 6
309 308 4
309 310 3
308 306 3
306 305 3
305 304 2
304 808 2
307 808 1
808 300 1
300 301 1
299 300 2
298 299 2
314 298 2
298 297 3
301 303 4
302 807 1
303 807 1
303 295 3
295 294 2
294 281 5
282 283 1
283 284 3
290 807 4
304 290 6
311 312 1
293 292 4
292 291 2
291 290 3
290 288 2
293 289 5
289 288 3
288 287 3
287 286 1
286 661 3
804 279 3
279 278 1
278 277 2
276 277 1
277 274 1
274 275 1
274 273 3
272 228 3
275 267 4
269 268 2
801 264 1
662 266 3
663 802 1
264 265 2
799 263 5
793 655 3
251 799 4
249 251 5
249 250 4
241 798 2
247 244 2
244 245 1
245 246 2
246 248 3
244 243 2
243 249 5
243 241 5
240 238 2
238 241 2
239 240 2
239 236 1
236 237 3
237 241 2
236 796 2
235 796 2
796 797 2
232 795 5
231 232 2
794 231 2
794 229 4
230 794 2
228 424 1
818 371 3
371 373 3
373 374 4
373 376 3
376 375 2
374 375 3
254 800 2
254 181 4
757 262 2
255 262 3
255 254 3
242 256 2
256 255 4
261 653 4
260 185 5
259 260 2
259 261 4
257 256 4
257 259 3
258 257 2
233 257 2
602 872 1
356 793 1
793 355 1
872 646 2
374 311 2
375 819 2
819 293 3
795 791 2
791 235 3
235 236 2
234 791 2
271 269 2
284 285 2
177 259 4
179 229 2
819 656 1
799 654 1
424 803 3
317 463 3
318 466 5
175 259 3
377 820 1
270 659 3
378 841 3
841 422 4
422 836 4
393 839 2
839 824 1
401 824 3
824 398 1
398 399 2
399 400 2
394 393 2
822 394 2
397 396 2
400 402 3
402 403 3
403 826 1
826 825 2
412 825 4
412 828 4
834 828 2
827 405 4
828 830 4
379 380 6
380 836 4
836 835 1
835 833 3
835 385 1
385 823 5
823 822 1
823 837 2
837 838 3
396 395 2
395 838 1
838 414 1
833 840 4
395 834 5
414 413 4
840 820 5
379 781 9
825 417 3
417 842 1
842 827 1
822 421 1
421 837 2
420 833 2
420 419 3
418 820 4
384 841 2
382 422 5
381 380 5
841 383 1
383 386 2
386 387 3
387 388 2
388 821 1
389 821 2
392 839 5
824 397 4
821 385 1
391 393 5
390 389 3
404 826 2
416 832 3
840 416 1
832 415 2
837 832 4
827 411 3
827 843 5
843 409 1
843 408 2
409 410 3
828 829 4
406 407 3
405 406 3
834 831 3
831 830 3
844 423 2
844 842 3
571 844 2
550 402 3
438 401 4
436 392 2
476 477 2
477 475 2
474 475 3
475 471 3
469 468 2
471 856 2
856 470 1
470 855 2
468 854 3
479 856 3
472 856 2
478 479 3
484 483 4
485 483 2
483 482 3
482 480 2
486 857 3
858 489 2
489 488 4
488 487 1
487 857 1
857 480 2
480 859 2
859 481 4
481 855 3
855 467 4
467 854 2
467 510 6
510 862 2
862 464 2
464 462 6
462 453 2
453 452 2
452 451 2
451 445 2
445 450 1
450 847 1
847 444 2
444 446 3
446 447 2
447 848 1
848 449 2
449 864 4
864 540 2
540 545 5
529 535 5
535 534 3
534 533 4
533 543 3
543 544 2
548 547 2
547 438 4
437 436 1
545 437 6
427 429 3
429 430 2
430 845 2
846 424 5
457 850 1
850 849 1
849 456 1
456 851 2
851 848 1
862 507 2
507 511 3
511 458 2
458 852 4
852 457 2
504 506 2
506 458 3
525 526 3
526 529 6
861 504 4
861 496 2
496 495 2
495 512 4
512 525 4
513 512 4
513 596 6
598 597 4
597 590 7
590 867 3
867 588 2
596 588 4
590 868 3
868 591 5
588 586 9
586 587 3
587 577 3
577 578 2
578 576 2
576 575 3
575 866 2
866 565 2
565 564 3
564 563 3
563 865 4
865 571 2
487 490 2
491 490 3
490 492 4
492 493 3
493 494 3
515 494 2
515 514 4
514 513 2
494 495 3
498 497 4
497 496 3
503 861 3
501 860 1
500 860 2
860 502 3
502 505 4
505 504 1
508 507 3
509 510 5
467 853 4
853 466 1
853 465 3
465 464 2
463 462 3
461 458 4
458 460 5
460 453 6
454 455 3
455 849 2
443 846 2
442 440 4
440 426 4
426 425 1
440 441 2
447 448 2
435 436 4
431 430 4
432 430 4
427 428 3
434 845 3
545 546 2
546 547 1
541 545 3
859 499 2
592 868 4
867 589 2
589 583 3
512 595 4
595 525 3
593 869 2
869 588 4
869 594 2
594 586 6
583 582 6
582 599 3
585 584 3
584 577 3
580 574 4
574 572 5
572 866 1
642 568 2
564 566 2
567 642 3
569 570 2
570 865 1
570 568 3
516 517 5
517 459 2
459 852 4
850 522 3
522 521 3
517 519 2
518 520 3
520 521 4
521 523 2
527 528 4
528 863 3
531 863 2
863 532 3
530 532 3
532 533 4
522 524 3
851 538 2
538 537 4
537 536 2
536 542 5
542 541 3
537 539 3
539 864 2
573 572 3
579 558 5
558 557 3
559 557 3
561 562 2
562 563 6
557 553 4
560 553 3
544 552 3
552 553 4
553 554 2
554 556 2
551 550 4
556 555 2
481 500 2
446 442 3
441 439 3
439 437 14
437 438 2
543 548 4
600 543 3
582 870 4
870 581 2
870 580 4
344 854 3
847 281 5
280 846 2
803 427 4
845 378 2
296 451 4
803 425 2
433 390 5
555 842 3
473 469 4
297 452 7
873 874 6
874 603 3
603 610 4
604 876 2
876 612 5
604 613 3
610 609 2
610 611 3
618 878 5
878 619 3
619 879 5
619 627 7
627 629 5
629 640 4
879 623 7
623 880 2
880 626 3
626 881 2
881 605 6
605 606 4
606 607 6
607 608 3
624 622 7
622 880 2
881 625 4
627 639 10
884 638 2
639 884 3
884 637 4
631 641 4
641 642 3
631 882 2
882 632 3
631 633 5
633 634 4
634 883 2
883 581 5
883 643 2
634 635 5
635 884 4
635 636 3
877 614 3
614 617 4
878 617 5
620 619 4
629 630 5
874 875 5
627 628 7
628 882 4
879 621 1
877 876 2
877 615 2
604 616 5
603 604 3
618 612 6
604 885 3
640 601 3
886 36 9
749 750 2
145 750 2
750 150 3
52 147 3
145 143 5
145 146 4
138 137 5
139 137 5
644 156 6
366 647 3
647 648 5
646 649 5
650 649 4
651 871 3
652 871 3
549 398 6
656 293 2
406 601 4
122 116 5
128 746 5
180 179 5
179 178 1
65 71 2
71 72 3
72 728 5
72 73 1
886 709 8
