843
9 7 5
7 8 6
17 521 3
521 523 2
523 542 3
542 524 7
524 526 2
526 527 3
528 529 4
529 25 5
25 531 3
531 532 2
532 533 2
533 535 1
537 539 1
537 538 3
538 29 4
29 545 2
545 28 5
28 26 5
548 547 2
547 545 6
519 516 2
1 3 3
3 518 8
523 19 1
525 21 4
21 20 4
20 17 7
525 526 2
549 548 2
548 538 7
547 705 1
546 29 3
517 516 10
550 530 1
24 530 1
23 530 2
16 7 5
11 10 2
541 542 1
540 541 3
6 3 4
6 517 11
2 1 4
5 4 3
4 519 1
8 519 3
15 9 3
12 9 4
522 16 4
520 12 7
14 15 1
18 521 2
522 521 7
544 26 4
7 544 7
520 522 7
534 535 1
534 536 3
22 550 2
27 26 1
543 27 8
5 42 4
534 566 1
531 109 2
21 140 6
17 49 6
51 10 7
14 38 4
516 1 3
517 26 2
541 543 4
550 25 1
40 38 6
14 37 3
37 36 3
36 47 4
47 34 2
552 47 3
35 552 2
48 551 3
551 33 5
33 552 4
34 13 6
41 42 4
48 31 3
31 32 3
43 44 3
43 553 7
32 553 2
553 35 3
48 33 5
45 554 2
554 34 2
47 554 4
44 154 3
49 555 3
172 51 6
49 142 4
142 572 2
572 139 6
139 571 5
571 114 7
114 137 4
137 570 2
570 144 5
144 145 10
145 557 2
557 56 3
556 53 2
177 587 5
557 57 3
57 58 4
58 558 1
558 59 6
59 121 5
121 120 3
120 569 5
706 566 1
97 99 3
99 562 3
562 568 3
568 564 11
564 565 2
565 567 6
567 533 2
109 110 3
115 114 2
114 113 3
113 112 5
59 559 4
559 61 3
61 71 14
71 72 3
102 101 5
101 98 3
72 73 3
75 78 2
78 76 4
76 79 5
79 81 3
81 85 3
85 91 3
91 90 4
90 107 3
76 84 3
84 92 3
92 93 2
586 63 5
63 560 6
560 66 2
560 67 7
64 63 3
63 65 4
558 65 14
50 54 7
69 68 4
102 104 3
104 105 1
102 103 4
103 74 2
144 141 7
141 572 4
143 49 5
52 187 3
139 140 5
571 138 3
133 132 2
134 133 2
133 136 2
134 135 3
570 125 4
90 87 5
87 89 6
89 88 2
89 94 1
94 95 1
96 97 3
79 561 2
561 83 2
561 80 1
80 82 2
82 84 3
88 82 5
90 106 2
106 108 2
108 563 3
563 564 6
564 117 6
117 116 4
116 115 6
112 111 2
110 574 2
574 115 10
574 111 4
127 49 4
56 556 3
575 51 3
573 126 2
573 124 1
122 124 2
122 59 4
128 129 2
130 128 2
130 125 2
129 119 5
119 562 7
569 62 5
129 120 4
62 559 3
562 100 4
568 118 7
118 87 5
555 575 2
575 50 2
131 125 3
132 125 4
73 277 4
71 276 5
69 276 8
555 520 2
554 171 3
181 180 6
180 149 5
577 146 3
146 147 3
182 605 2
179 149 3
149 577 7
577 601 1
601 148 1
601 589 7
589 182 1
589 588 3
588 152 2
152 150 5
151 588 2
182 595 3
595 594 3
595 510 2
510 192 2
192 193 3
152 153 2
182 184 4
700 183 5
182 700 2
594 195 6
195 198 5
198 201 3
201 202 2
202 598 2
597 198 2
597 195 4
200 198 4
203 598 4
196 195 4
198 199 4
199 204 5
204 205 2
594 206 8
206 211 5
210 211 1
211 599 3
599 213 5
599 212 2
212 208 2
208 207 4
207 182 8
594 209 4
209 207 4
212 214 1
190 154 7
700 590 2
154 216 4
189 155 2
155 188 4
188 578 2
578 156 3
216 189 1
157 154 6
155 45 7
554 160 10
160 592 2
592 579 3
171 158 2
578 158 4
159 158 4
164 159 5
593 585 2
579 167 1
167 166 4
166 165 2
165 164 3
592 173 3
173 187 3
579 583 3
583 168 3
168 580 2
168 581 2
581 583 1
581 584 2
584 161 1
161 582 2
582 581 2
582 593 1
161 585 1
580 584 3
585 177 5
177 174 6
174 602 1
602 175 3
175 586 1
174 587 6
580 162 2
580 163 3
590 163 12
590 591 4
591 185 1
591 186 1
186 170 2
591 162 6
593 579 2
178 169 4
208 178 3
587 214 7
587 176 5
176 602 4
176 603 5
603 215 3
586 604 3
604 600 2
603 604 5
193 194 6
160 54 6
585 576 5
576 53 3
215 218 8
620 250 2
222 223 3
511 612 3
614 625 1
625 612 3
237 251 4
251 511 3
612 253 2
253 610 4
611 610 2
612 257 2
254 250 7
610 250 2
610 620 2
250 617 4
254 613 2
613 256 2
613 255 2
617 290 2
256 284 4
284 275 4
290 288 4
269 270 1
270 274 4
275 271 4
274 271 2
271 273 6
618 616 3
616 282 3
273 615 1
282 281 3
281 315 4
321 319 3
319 626 4
237 609 3
609 238 2
239 238 6
238 240 5
240 242 3
611 249 5
620 619 5
621 622 3
622 623 3
623 312 2
312 310 3
306 313 3
224 228 2
223 225 2
227 226 4
225 226 3
260 257 3
260 252 2
259 258 4
265 262 5
265 266 5
314 625 3
229 314 4
227 229 6
230 607 1
231 607 3
607 235 5
235 234 3
608 234 2
233 608 1
608 232 3
235 609 3
236 237 3
241 240 3
286 271 3
276 273 3
618 283 4
275 283 4
289 288 2
250 291 3
296 619 3
615 280 5
615 278 2
278 277 2
277 279 5
279 627 2
627 317 2
318 627 3
321 320 3
242 243 1
620 298 6
248 247 2
247 246 3
301 621 1
304 624 2
624 305 2
296 307 7
307 622 3
294 308 4
294 295 3
307 309 7
623 303 2
220 628 3
628 221 2
218 219 4
219 628 1
267 269 5
267 265 8
227 614 5
230 629 3
629 229 2
236 629 4
248 249 5
619 302 3
302 621 2
622 303 2
303 624 2
309 310 2
310 311 6
280 281 5
279 281 5
224 606 2
223 606 2
287 616 5
288 287 6
312 512 1
247 300 5
300 301 1
617 292 4
292 293 3
292 294 4
296 292 3
317 626 6
316 626 3
315 626 4
271 504 2
272 618 2
272 273 6
261 260 3
261 227 4
242 244 4
244 248 5
264 263 4
263 225 4
263 262 4
263 252 9
303 306 3
268 267 4
261 614 2
218 630 5
221 630 4
630 631 2
631 632 3
632 265 6
264 632 5
258 633 1
633 634 2
252 634 2
634 254 1
633 262 7
257 635 3
635 254 2
252 635 2
272 275 6
293 636 4
221 222 7
600 218 4
344 220 4
67 268 4
272 504 2
251 611 5
72 615 7
75 321 7
313 683 2
70 276 4
560 631 6
244 659 3
382 241 6
596 323 1
323 324 3
324 637 3
637 327 3
638 329 3
639 333 7
333 640 5
640 336 4
336 337 5
330 332 4
332 331 5
344 345 6
345 346 3
346 643 7
643 645 5
645 349 9
641 340 3
642 341 2
341 343 1
349 644 2
350 349 5
326 637 3
325 324 4
332 639 6
334 333 2
335 640 2
338 641 6
338 339 6
642 342 1
343 344 16
645 347 2
347 348 2
340 642 12
329 338 2
350 642 15
322 596 2
638 330 7
329 354 5
354 639 3
354 641 6
352 353 2
354 352 12
349 351 8
328 646 4
327 646 1
646 638 1
217 644 5
596 598 1
239 217 5
353 462 16
351 463 6
699 515 1
514 680 1
482 513 1
497 699 1
699 681 2
495 644 6
495 358 3
358 386 2
386 385 2
385 382 2
382 384 1
384 383 2
382 672 2
672 383 1
672 381 2
358 371 5
371 673 1
673 359 2
673 674 2
674 372 1
372 649 3
649 360 3
649 374 2
374 675 2
675 375 1
375 369 2
369 647 3
647 361 2
369 370 2
647 648 3
648 362 2
375 378 4
377 378 4
377 650 1
674 373 3
373 678 7
381 677 3
677 379 1
677 658 2
677 380 5
658 676 2
676 657 1
376 675 2
376 650 4
657 656 3
656 655 3
399 656 2
678 676 2
678 650 5
378 654 4
655 654 4
654 398 2
655 394 6
654 397 3
397 394 2
394 653 1
653 668 3
668 389 3
389 651 2
651 388 2
396 653 1
398 396 3
364 363 1
363 365 2
365 366 2
366 368 5
367 679 4
393 392 2
392 391 1
387 514 4
368 679 1
368 680 3
680 497 1
388 681 4
681 454 2
454 685 8
391 390 2
390 389 4
668 438 3
394 652 1
652 667 2
667 436 1
436 435 2
435 666 1
666 434 2
652 395 1
395 437 2
667 437 1
658 659 6
380 659 4
666 665 2
665 431 1
664 431 2
453 663 1
663 664 1
422 663 2
431 439 4
428 422 3
423 422 1
658 684 2
425 657 2
425 424 6
662 428 4
662 419 3
419 418 4
455 662 1
424 455 3
426 455 3
419 420 2
423 421 5
420 421 3
413 421 5
418 415 2
401 415 4
355 400 4
401 400 2
418 417 3
499 486 5
416 415 2
414 413 2
412 413 3
411 412 5
410 411 2
684 425 1
409 407 1
406 408 1
406 661 2
661 405 2
404 661 2
404 410 2
406 407 2
442 669 3
442 448 2
432 433 1
439 444 3
440 444 3
671 454 4
671 451 2
451 452 2
671 446 2
651 670 3
446 670 1
670 445 2
500 689 1
450 447 3
671 447 4
447 448 3
447 449 5
445 444 4
429 663 2
430 664 2
426 427 4
404 403 4
682 403 2
660 682 1
402 660 2
402 683 2
683 660 2
496 492 5
400 682 6
679 496 7
364 484 8
367 499 4
357 356 6
361 481 5
648 484 3
359 356 4
358 357 3
488 501 2
502 421 1
688 460 7
460 686 6
686 687 2
687 458 6
458 457 5
457 456 4
686 466 7
466 461 7
463 693 11
693 478 3
478 483 3
483 474 4
474 473 2
473 691 3
691 472 4
472 485 3
485 487 6
463 357 4
465 468 5
468 469 3
469 689 3
689 488 2
488 694 2
694 487 3
695 492 2
487 695 4
687 459 2
694 489 3
492 490 3
490 486 4
486 472 5
471 691 2
471 690 3
473 692 3
692 475 1
692 476 2
470 690 4
693 479 1
478 480 3
478 477 8
482 484 2
474 482 4
695 491 2
491 494 3
494 493 3
494 696 2
465 461 4
461 697 2
697 462 9
464 697 2
467 468 7
463 462 12
690 468 8
470 689 4
360 480 6
456 337 4
698 685 2
498 454 4
696 496 5
28 503 2
703 701 3
703 704 4
701 702 2
701 505 2
705 546 2
27 506 4
544 506 1
506 30 4
30 7 4
15 13 2
13 10 7
38 39 2
46 505 3
505 154 4
157 156 4
159 160 2
162 169 3
600 507 1
556 508 1
576 55 4
57 60 3
531 509 1
24 110 3
125 123 4
123 59 6
125 573 2
285 275 4
73 77 3
77 74 1
74 75 4
102 72 3
569 98 10
97 98 1
98 93 5
96 94 2
87 86 4
86 85 2
170 169 3
191 510 1
197 597 4
606 227 4
619 297 2
297 299 2
304 300 2
246 245 2
439 440 3
440 441 3
440 443 3
443 442 1
665 432 2
434 433 2
567 706 3
