735
366 359 5
359 1 5
365 363 5
363 361 3
361 362 7
364 363 2
364 361 3
360 359 1
359 367 4
366 367 5
358 367 6
358 356 3
356 357 2
357 354 2
356 355 2
353 357 2
353 354 1
363 368 3
365 369 2
369 360 4
369 368 5
352 353 4
354 143 3
372 371 2
371 373 5
370 371 5
374 376 2
376 6 4
6 5 2
371 376 8
375 374 4
5 3 5
4 7 1
373 7 1
2 373 3
370 9 3
9 2 1
7 3 4
5 8 3
397 13 2
10 11 4
13 381 4
380 13 4
396 397 3
41 396 5
380 396 3
32 380 6
393 32 3
392 32 2
393 392 2
394 392 3
393 41 9
43 393 6
35 43 6
34 35 4
36 34 4
395 36 3
389 395 5
391 395 6
33 394 2
33 391 3
31 391 5
19 31 4
37 389 6
28 389 3
387 28 3
388 28 3
27 387 8
26 387 9
385 26 7
20 384 2
384 385 2
22 385 5
382 27 11
18 382 2
383 382 2
386 18 9
20 386 8
16 383 3
17 18 5
11 17 11
40 41 6
379 13 8
19 380 5
16 381 9
10 378 3
12 378 7
16 14 5
15 14 9
381 15 3
12 379 3
24 386 3
23 20 5
21 385 2
25 21 10
26 25 6
27 25 4
38 36 5
34 33 6
394 43 8
42 41 4
397 39 7
383 19 7
31 394 5
30 391 4
390 30 4
29 390 6
390 389 10
40 108 5
237 43 2
10 377 6
377 128 7
362 128 5
379 426 5
13 426 8
384 3 3
22 8 5
24 370 6
38 229 3
237 486 6
40 342 6
87 405 5
415 348 1
398 401 4
438 151 3
403 402 6
402 439 3
438 44 5
436 46 2
46 150 3
44 48 4
44 45 3
45 54 2
404 403 3
404 64 6
48 49 3
53 52 2
48 57 6
57 72 3
73 72 2
72 74 3
74 406 5
86 85 4
84 83 4
418 81 3
81 417 2
417 79 6
76 77 3
417 152 1
83 152 4
416 423 3
79 80 2
406 415 4
415 411 6
55 145 2
64 65 4
55 65 6
408 66 4
66 407 3
52 87 1
51 405 6
152 77 3
153 154 3
56 63 2
62 159 2
58 59 3
59 157 1
60 158 1
146 437 2
146 147 1
147 148 2
437 148 1
148 448 1
399 400 2
401 439 2
436 44 1
439 438 1
54 151 2
151 53 2
398 399 3
45 49 2
49 50 2
50 51 3
57 58 1
61 62 2
47 73 1
74 75 2
434 85 2
418 82 2
82 536 5
406 347 1
416 79 1
80 152 4
56 411 2
405 56 1
405 55 1
408 65 1
153 47 3
61 406 2
153 57 4
448 398 2
145 412 5
411 413 3
413 412 3
412 410 3
414 71 2
78 416 2
410 70 1
70 69 4
69 410 5
66 67 5
67 68 2
68 409 2
414 99 7
96 441 4
96 97 4
96 95 2
442 94 2
99 422 3
422 421 4
421 121 3
121 89 6
89 88 4
422 92 2
91 90 2
91 89 3
81 89 6
91 155 3
99 98 1
98 96 3
343 146 2
414 122 8
122 123 3
123 116 3
121 419 1
419 420 2
420 424 2
121 429 2
429 119 2
125 156 5
93 422 3
122 93 3
116 117 3
117 429 5
71 435 4
100 443 3
444 144 10
144 445 2
69 445 4
445 142 5
143 142 4
142 141 2
71 140 8
140 440 4
140 139 4
139 138 3
141 431 9
133 430 2
430 431 1
430 130 1
431 131 5
131 433 6
433 440 3
131 134 8
156 124 3
124 112 4
112 427 3
141 440 6
137 446 3
446 138 1
446 432 3
432 136 1
136 135 4
135 134 4
135 112 7
432 149 2
130 132 3
132 129 4
116 115 4
115 113 4
113 114 2
114 428 1
119 120 2
120 118 2
103 104 5
104 105 4
112 113 4
101 103 6
103 447 1
119 424 2
102 424 2
428 110 3
427 426 4
157 60 2
426 109 3
109 110 5
106 425 4
109 111 2
111 427 2
39 109 5
425 108 2
110 425 2
159 63 2
427 114 6
103 160 4
107 425 1
126 379 5
129 128 5
101 424 1
130 377 11
127 134 7
127 131 9
378 127 5
160 107 3
106 342 6
105 106 3
137 433 5
428 447 3
447 118 2
421 155 1
155 92 2
99 93 2
95 442 3
442 81 7
414 441 2
441 423 3
79 100 7
96 423 1
71 444 1
444 412 2
414 443 1
443 413 2
409 410 10
149 156 6
158 61 1
412 408 10
556 351 3
126 134 5
435 125 4
418 536 3
434 253 2
252 434 2
244 492 1
162 558 2
181 150 2
437 183 4
147 351 6
46 492 2
354 409 6
133 355 12
130 1 3
368 132 3
419 308 5
88 333 3
350 173 3
452 464 3
464 462 1
462 465 3
462 170 2
168 170 2
168 169 2
558 163 2
163 456 2
163 460 2
460 164 3
164 350 2
164 154 4
167 558 2
167 458 2
458 459 1
459 162 2
458 457 2
457 454 3
454 453 1
173 185 4
185 184 2
184 182 2
182 183 3
183 474 9
456 153 2
176 178 3
176 175 2
165 174 4
473 165 2
473 180 4
177 473 5
473 175 3
187 173 2
187 186 3
182 492 3
181 244 2
165 166 2
463 464 1
168 172 3
172 171 3
461 168 2
461 457 2
463 454 3
455 457 5
161 459 3
452 451 3
451 450 2
449 451 3
451 465 1
465 466 1
450 467 2
467 469 2
467 468 2
469 470 2
470 471 2
471 469 3
471 472 2
177 179 4
166 460 2
343 183 3
171 471 3
452 543 4
47 162 3
436 183 6
246 493 2
486 487 3
487 189 4
189 475 5
475 188 2
188 191 5
191 240 4
240 241 4
191 239 5
243 480 7
479 478 3
480 223 2
480 222 3
222 479 3
208 478 3
478 216 3
218 216 5
218 217 2
477 217 4
219 493 4
223 483 4
217 213 5
213 211 3
211 209 3
209 210 5
210 199 5
199 203 4
203 200 3
200 488 3
199 198 4
189 237 4
198 196 3
223 227 4
227 484 4
208 205 4
241 205 7
191 194 5
243 239 5
205 204 4
204 202 2
202 488 3
488 193 2
193 195 5
481 225 2
225 233 6
233 232 6
232 485 3
226 233 6
226 219 11
237 236 3
236 235 4
235 234 4
234 484 2
487 238 1
238 190 3
190 189 4
493 477 1
242 243 7
242 208 8
191 192 6
192 476 3
194 192 5
476 195 5
479 221 2
221 220 2
220 489 3
483 482 1
482 481 7
231 485 1
224 227 6
228 224 6
228 490 1
490 230 3
490 229 2
225 226 5
482 219 5
219 489 3
196 197 4
213 214 8
212 211 3
208 491 2
491 207 2
206 207 4
213 215 4
215 491 3
206 203 4
200 201 2
489 477 6
483 489 5
481 223 6
481 224 3
41 486 5
37 245 5
484 43 9
245 485 4
516 201 7
197 273 7
188 274 5
538 281 2
499 500 2
500 529 3
529 257 7
257 504 2
504 261 3
261 505 4
505 262 2
262 506 5
506 265 4
265 511 5
511 512 3
512 266 2
266 513 2
513 267 1
542 291 2
519 539 5
296 538 4
281 275 7
277 303 4
296 297 2
297 525 4
525 301 2
301 292 2
292 542 3
291 522 1
522 523 6
303 280 4
280 300 3
300 525 4
301 312 4
301 302 6
312 316 4
302 309 5
520 346 1
303 526 2
526 304 3
522 524 4
524 505 6
316 527 3
527 319 1
314 313 5
313 522 3
527 315 3
315 532 4
532 531 2
333 536 2
536 497 2
497 535 2
535 534 6
534 533 2
533 531 6
333 329 5
317 315 8
498 256 8
256 255 5
255 249 3
249 495 2
495 349 2
495 248 2
500 501 1
314 319 2
259 503 4
503 502 4
259 504 2
261 262 4
349 496 1
349 535 2
538 285 4
539 285 2
281 539 2
277 541 3
278 279 4
279 298 4
275 298 5
298 297 3
298 299 2
299 525 5
279 280 4
526 305 2
306 280 3
306 300 3
304 302 6
300 302 4
285 295 3
295 294 2
294 293 2
293 292 3
542 290 11
290 289 3
285 290 4
291 289 9
523 288 2
288 524 2
316 494 3
331 329 1
329 332 1
332 328 4
328 535 3
328 327 3
328 317 4
327 534 2
534 315 7
533 344 1
326 532 3
522 322 3
322 524 5
322 323 4
322 321 2
321 320 3
320 323 4
320 318 3
318 319 2
323 263 4
263 505 3
323 324 5
324 261 3
496 252 4
250 248 4
248 249 2
544 253 1
544 496 1
541 278 2
330 331 2
307 304 2
276 537 2
537 541 4
274 537 4
274 275 8
540 510 1
509 510 1
508 510 2
264 262 5
521 264 4
521 523 4
260 261 3
528 529 1
325 528 3
247 248 10
254 248 5
516 273 2
516 195 5
281 195 7
272 519 6
268 515 1
515 272 6
271 272 4
270 271 4
514 267 1
514 515 3
269 271 5
283 519 1
518 273 2
518 283 3
282 518 2
517 275 3
517 194 2
308 309 2
310 308 4
520 521 3
286 520 3
286 272 4
287 286 3
287 506 7
507 540 2
284 519 2
284 286 6
284 289 3
258 257 3
258 324 3
530 258 3
419 553 3
544 83 3
334 88 2
304 420 8
277 105 4
475 276 4
188 517 6
275 476 1
196 270 5
514 547 1
512 548 2
310 553 3
330 553 5
528 530 4
494 317 5
540 511 1
345 547 1
337 545 2
545 340 6
340 513 2
547 341 3
341 546 3
548 549 3
335 546 1
336 337 6
545 338 4
338 339 3
339 546 2
335 269 9
337 550 6
549 551 2
335 552 1
554 407 3
344 326 2
512 557 1
509 549 3
340 345 3
314 311 4
311 313 3
494 309 8
448 555 1
150 154 3
329 317 4
349 497 2
251 252 3
251 250 2
169 163 5
