494
324 316 3
322 320 2
325 323 3
321 323 4
1 327 5
9 327 3
327 5 2
5 329 1
5 7 4
7 6 1
7 4 2
4 2 4
2 3 6
11 12 6
12 13 2
329 8 3
328 329 3
16 17 5
17 328 4
328 15 13
330 1 4
331 332 2
332 16 7
19 22 3
22 21 7
333 23 4
333 334 2
334 24 4
24 25 3
25 26 3
26 28 4
28 29 4
35 36 2
34 35 4
32 34 2
33 32 3
37 31 5
30 37 1
32 37 3
26 27 7
20 333 5
21 335 2
335 23 7
334 38 2
38 30 5
121 118 3
39 37 4
19 20 4
2 20 4
10 33 3
12 33 3
51 52 5
52 59 10
51 338 8
338 42 6
44 341 2
341 336 1
336 60 1
336 58 3
58 340 4
340 54 1
54 55 3
340 57 2
54 56 5
56 339 2
56 53 5
339 68 4
67 339 3
59 336 2
42 44 5
44 45 4
45 46 2
46 47 3
49 344 7
41 344 2
344 43 3
43 42 1
40 41 10
48 43 5
338 50 1
337 49 4
55 343 5
345 342 9
60 345 3
58 345 1
66 342 2
342 65 4
65 64 5
64 63 3
63 69 6
63 62 4
62 61 4
70 71 5
73 74 3
74 75 2
346 76 5
70 347 6
71 72 2
72 73 2
70 77 4
346 70 2
65 346 3
69 78 4
354 99 1
354 352 2
352 358 1
353 358 1
99 353 1
366 101 4
101 102 2
102 103 2
103 104 2
352 98 4
98 351 1
104 356 2
356 107 3
107 108 1
108 357 2
357 111 1
111 114 3
114 121 2
358 88 6
88 93 2
93 89 3
89 120 3
350 80 1
350 86 2
320 349 5
349 80 5
80 81 3
81 82 5
82 100 5
100 353 4
114 116 4
111 113 1
113 112 2
112 357 1
94 352 2
351 365 1
365 104 2
114 364 1
364 363 4
108 362 1
362 363 1
362 361 1
107 361 2
355 105 3
105 365 3
97 360 1
360 96 1
96 351 3
359 94 1
359 95 2
95 360 3
86 87 3
341 312 1
361 106 1
106 356 2
80 348 4
349 84 2
86 85 4
93 92 2
83 84 5
321 85 2
79 348 2
92 91 2
91 359 2
118 119 5
364 115 2
363 110 1
361 109 2
116 117 1
89 90 2
354 366 1
116 324 4
353 367 2
122 348 2
16 79 14
15 81 6
14 82 5
18 100 5
34 368 2
368 367 4
368 123 3
126 127 4
127 125 4
127 128 2
128 129 3
129 130 2
130 370 3
370 133 1
133 371 1
371 134 5
134 135 9
128 369 1
369 139 2
372 138 2
372 137 2
137 375 11
375 142 1
142 143 3
374 141 4
141 373 3
141 376 2
376 148 2
148 149 3
373 147 2
373 145 5
145 144 1
145 150 2
150 166 4
376 151 3
151 146 3
146 144 4
374 158 4
162 161 2
155 154 3
154 153 2
153 152 3
152 149 1
158 157 3
157 156 1
156 159 1
159 160 1
156 153 1
130 131 2
132 370 2
166 377 1
140 378 1
375 378 1
378 374 3
140 374 3
160 154 2
158 162 4
168 162 2
168 164 2
163 158 5
164 165 2
161 379 2
379 155 3
36 124 4
353 126 4
366 372 5
29 371 8
169 380 3
171 380 2
380 172 2
174 175 1
173 172 2
169 170 4
174 188 5
188 189 2
215 216 8
189 206 5
208 387 2
387 207 4
177 178 11
178 185 1
186 185 6
178 381 1
178 182 5
182 384 3
194 384 2
384 193 1
381 181 2
181 383 3
383 192 3
181 382 2
180 382 2
389 313 1
382 381 3
179 382 2
383 183 3
192 191 1
195 191 2
220 390 1
390 389 3
391 222 1
391 226 2
226 392 2
191 392 4
390 221 2
221 225 2
222 224 2
222 223 3
193 190 2
190 196 1
197 195 2
201 200 1
200 198 2
202 385 2
203 385 2
385 198 3
198 197 4
386 204 1
205 386 4
204 393 1
209 393 2
393 210 3
211 233 1
219 217 3
391 389 2
186 175 4
229 174 3
392 227 1
195 193 2
385 386 2
187 186 5
229 388 3
388 215 6
388 230 1
388 214 3
212 213 3
213 189 3
214 212 5
199 391 5
189 190 10
185 184 3
47 215 8
215 217 5
219 61 2
61 218 5
135 169 11
169 377 8
167 177 2
234 233 2
233 394 3
239 236 2
236 396 5
396 400 2
241 396 4
253 249 5
249 397 2
401 253 2
394 395 2
402 258 3
399 257 4
245 399 4
241 405 1
235 240 3
395 241 2
254 238 3
240 242 1
394 240 1
250 245 3
398 314 1
398 405 6
401 256 2
404 244 1
232 231 5
399 246 1
237 396 5
252 400 1
252 238 3
405 404 7
396 243 3
255 238 1
238 251 3
400 259 1
259 404 1
259 250 2
404 397 4
251 248 2
248 245 2
248 397 1
245 247 2
397 402 8
256 245 10
257 402 2
258 403 3
78 232 2
387 231 4
210 231 13
205 395 4
405 191 14
220 241 6
258 260 6
286 285 1
285 279 3
279 280 2
280 419 1
419 278 3
278 279 2
274 409 1
409 276 3
276 277 1
285 277 1
274 420 2
277 410 3
409 275 2
275 410 2
420 275 1
410 284 1
273 274 1
408 420 3
268 421 1
421 267 1
267 278 2
273 278 2
421 269 2
422 267 2
267 266 2
269 406 3
406 264 2
264 423 1
423 422 3
406 263 1
263 270 1
270 407 2
407 408 3
407 272 1
408 272 3
263 262 3
262 264 3
263 412 3
412 407 4
412 424 1
272 424 3
414 262 2
413 293 2
284 282 3
275 271 4
271 282 4
272 271 5
266 265 1
265 422 1
417 416 3
417 291 4
289 288 3
414 261 2
424 287 2
416 290 2
416 415 2
419 281 1
282 283 3
273 408 4
268 273 3
414 412 4
412 411 2
411 413 3
292 411 1
411 289 1
288 425 3
425 418 2
413 425 5
293 417 6
413 291 8
294 426 8
430 429 3
302 429 2
298 427 2
427 300 1
427 297 2
300 428 1
428 299 1
299 301 1
428 295 2
295 296 2
295 431 1
308 307 3
307 306 3
303 304 5
309 303 7
246 308 7
398 305 9
304 227 23
269 315 1
286 165 2
277 162 4
283 379 4
283 155 2
429 281 6
431 265 4
431 423 2
426 119 3
297 261 3
87 310 6
303 381 15
172 229 4
369 311 2
311 136 3
311 129 2
377 167 5
176 167 3
167 228 3
342 70 10
33 34 1
13 353 5
432 294 6
317 432 1
319 298 7
318 415 3
415 326 4
120 350 1
