715
2 3 2
2 1 3
1 7 4
461 4 3
4 462 6
462 8 7
8 463 3
463 11 4
11 12 2
12 13 4
13 466 1
466 32 1
28 469 2
469 468 3
468 26 2
26 31 4
29 30 2
30 7 6
29 468 5
26 467 2
467 20 2
20 21 3
470 34 1
33 470 2
462 5 2
5 6 5
16 464 2
464 15 4
10 9 3
9 463 5
464 17 1
17 465 1
18 465 1
465 19 2
19 20 2
466 21 5
469 27 2
467 22 2
22 23 3
23 24 2
24 25 3
14 13 4
461 470 19
6 487 6
474 448 1
31 103 3
7 498 4
62 60 3
60 61 3
60 63 4
485 447 1
67 125 2
67 486 3
486 68 2
63 447 2
485 483 2
483 55 2
55 482 2
55 593 2
53 479 2
479 51 3
51 49 3
49 40 3
40 475 3
475 38 3
39 38 2
38 37 2
37 474 5
474 473 2
487 77 2
75 74 3
74 488 2
488 73 6
73 72 2
72 71 9
71 70 6
77 79 22
79 83 3
71 81 7
81 80 4
80 117 9
117 118 8
80 82 5
82 84 12
84 492 2
492 85 2
85 490 1
489 85 3
83 489 3
489 490 3
490 491 2
491 85 2
492 491 3
490 101 3
101 102 3
102 103 1
491 99 2
99 98 6
98 494 2
84 493 3
446 94 8
94 122 6
106 105 4
105 495 5
105 116 5
119 118 6
114 497 3
497 115 4
114 113 3
113 115 4
446 493 1
496 105 3
38 471 1
471 472 2
495 111 2
107 106 2
122 106 5
94 95 4
95 96 3
494 498 3
494 97 8
124 118 2
493 89 4
89 88 3
88 491 3
99 100 2
493 90 3
90 91 4
91 92 2
92 93 4
105 108 4
109 108 5
86 85 4
488 78 7
74 76 3
47 48 5
70 69 3
69 68 7
66 486 3
63 65 5
47 476 4
45 476 2
476 41 2
44 472 4
475 480 2
480 41 3
40 41 3
50 51 3
46 49 3
49 477 3
480 43 1
593 53 1
478 52 4
52 53 3
64 485 3
59 484 2
484 58 2
484 483 2
481 56 3
56 482 2
57 55 3
593 54 3
475 42 2
473 35 2
36 474 3
479 52 2
445 3 2
443 444 5
443 7 2
121 218 4
119 120 4
520 119 5
497 530 4
441 591 3
442 591 2
32 79 4
591 592 1
440 104 7
440 441 5
440 7 2
123 37 5
528 223 2
505 133 2
505 136 2
510 189 1
156 456 2
451 452 2
450 451 1
510 212 1
212 209 2
510 509 3
154 156 3
155 511 2
511 156 2
156 509 2
509 157 3
510 157 3
456 157 3
154 155 2
155 506 4
140 506 2
140 141 6
449 512 1
507 168 3
153 507 2
507 141 2
168 166 3
166 165 3
165 164 2
164 512 1
160 161 3
160 455 3
161 162 2
161 513 3
512 513 3
158 167 5
167 163 2
163 449 3
163 166 2
167 168 2
158 159 1
158 140 3
511 158 5
159 160 4
454 192 5
192 514 4
173 513 2
174 513 2
174 175 3
179 178 3
178 228 3
192 176 5
176 180 3
176 175 2
177 176 3
177 178 3
175 182 3
175 181 3
164 169 3
170 171 4
171 172 2
192 191 3
191 190 4
514 184 1
514 183 2
183 185 2
185 186 1
188 190 9
450 154 1
212 157 2
450 229 2
189 229 3
169 529 2
529 170 2
454 228 1
455 157 3
528 527 3
527 526 1
218 67 6
526 503 2
503 135 2
135 505 2
504 501 3
504 131 3
501 127 3
223 222 1
222 226 6
226 227 3
222 224 3
224 221 5
221 225 3
221 229 7
229 220 16
220 525 4
525 219 6
457 213 1
126 500 3
500 499 1
154 505 7
129 502 3
127 502 3
502 128 2
131 130 2
130 132 2
132 133 2
139 138 2
134 137 3
141 142 3
139 136 3
137 128 4
133 134 3
128 508 3
508 150 1
508 147 2
147 148 2
148 151 3
151 152 3
145 152 3
228 157 3
145 507 2
145 144 3
144 143 2
143 146 3
128 146 3
138 140 2
139 506 2
525 218 1
503 130 1
130 129 5
459 209 3
209 458 2
458 208 2
208 207 4
207 206 1
206 522 3
522 521 2
521 204 4
520 203 2
459 193 6
193 517 6
517 198 3
199 519 2
200 520 10
202 198 6
517 197 2
188 193 4
199 518 5
518 516 2
516 195 2
201 195 3
516 196 4
196 188 4
195 194 3
194 187 6
188 187 7
187 185 6
198 518 4
519 198 2
521 205 2
205 522 1
519 530 4
200 530 1
531 530 1
530 199 3
531 200 1
217 524 4
524 214 6
524 204 6
214 523 2
210 208 4
210 211 2
216 215 3
211 213 2
523 215 1
215 213 5
213 212 4
136 532 1
532 133 2
532 138 3
138 137 7
128 533 2
533 149 2
533 126 2
153 231 3
186 515 1
531 116 3
204 119 3
125 60 7
559 309 4
231 232 8
232 244 4
244 240 3
240 239 4
239 241 3
536 237 3
237 238 3
238 239 4
238 313 4
313 312 2
312 311 2
311 304 3
304 307 5
307 546 3
546 310 3
310 547 2
547 548 1
548 317 4
317 551 3
551 318 2
310 549 2
548 552 2
552 323 5
323 325 4
325 289 2
325 324 3
547 559 1
309 308 4
308 293 5
236 536 3
236 235 2
235 535 3
535 240 4
234 534 2
534 240 4
233 535 2
535 534 2
232 233 3
240 242 3
242 243 2
243 245 2
245 246 4
234 237 3
534 238 3
241 262 5
262 539 2
539 538 5
262 538 4
538 537 6
240 264 8
240 263 9
263 264 3
264 539 1
246 260 5
260 259 2
259 258 4
258 261 1
261 554 1
554 537 3
537 275 2
275 268 4
268 270 3
270 540 2
540 543 6
543 280 2
280 281 3
544 281 5
544 285 1
280 542 3
542 278 2
278 279 1
299 298 2
298 296 2
296 297 2
297 279 2
314 304 5
304 300 2
300 299 3
315 314 4
263 259 4
247 246 6
258 255 5
538 541 3
541 277 1
541 276 2
276 275 2
257 554 1
247 248 2
248 249 4
249 250 3
250 251 3
251 252 3
253 252 3
252 254 4
255 254 3
254 265 4
254 256 3
267 268 2
266 267 3
268 269 3
271 553 2
273 540 1
274 273 4
268 274 5
540 272 3
553 272 3
549 547 2
546 306 1
306 305 2
305 302 3
302 301 2
301 295 1
295 545 3
545 293 2
294 545 1
296 294 3
307 303 3
300 555 2
303 555 3
555 299 2
555 556 3
556 295 2
556 294 5
323 322 4
552 320 4
320 321 4
321 322 1
289 288 4
288 287 3
293 287 4
545 292 4
293 292 3
292 291 3
291 290 2
290 281 3
287 544 4
283 284 3
284 285 3
542 282 2
282 543 2
326 327 2
239 557 3
241 557 4
557 311 2
551 319 2
537 558 3
256 558 1
558 266 2
265 558 5
316 550 3
271 269 4
277 278 8
271 270 3
563 562 1
549 572 4
438 563 2
285 583 6
327 365 2
328 265 3
247 170 5
536 569 1
326 348 2
310 550 4
553 336 4
563 338 2
562 362 3
562 348 2
348 349 3
349 337 3
333 567 3
560 567 2
560 328 2
560 329 3
330 568 1
568 331 1
333 332 3
332 331 4
568 271 5
439 328 3
336 335 4
332 334 3
335 334 3
334 565 1
565 347 2
347 341 2
347 343 4
343 342 2
342 340 4
565 340 5
339 340 5
339 564 1
564 561 2
561 350 2
561 337 2
564 338 5
439 329 2
344 342 5
344 345 4
345 566 2
566 346 2
566 338 5
338 362 5
570 351 4
575 351 2
351 355 4
572 359 1
574 315 4
355 576 3
354 576 1
576 357 4
357 550 2
573 354 3
573 360 2
351 352 4
352 571 4
353 571 3
571 356 2
358 572 4
575 361 3
361 355 3
361 573 3
360 316 4
356 549 7
405 398 3
398 406 2
406 410 4
393 587 3
587 392 2
579 373 3
373 583 2
577 364 2
578 371 2
410 393 3
579 581 2
581 582 4
582 382 3
401 402 2
403 401 4
403 404 2
401 400 2
398 397 2
396 395 2
586 394 2
395 586 3
386 385 2
378 375 2
369 370 1
586 390 2
406 407 2
394 393 2
391 392 3
382 388 2
582 383 2
384 385 3
387 386 3
387 384 2
380 580 1
581 380 4
286 373 5
365 373 11
399 395 4
389 387 4
579 378 3
584 381 1
373 374 4
408 409 3
370 368 4
388 383 3
367 369 4
362 577 3
577 366 2
402 405 4
585 582 2
381 585 3
585 379 2
579 580 3
367 368 3
407 414 3
414 412 1
414 408 2
366 367 3
584 583 2
379 373 4
382 585 3
389 390 2
390 386 4
390 391 4
364 578 2
362 363 5
587 411 4
578 372 2
364 365 7
400 399 3
397 396 4
407 413 3
374 375 3
406 421 6
398 590 1
382 289 6
404 588 3
404 416 3
365 362 6
437 436 2
436 435 3
435 434 2
434 433 4
433 589 3
589 429 2
429 420 2
420 590 3
588 419 3
419 589 3
589 430 2
430 432 3
416 418 1
421 424 5
424 427 6
416 417 2
415 423 3
421 422 2
418 588 3
427 428 5
426 425 3
425 424 3
421 415 3
590 460 1
430 431 1
417 434 5
359 437 4
416 318 3
588 405 1
285 584 3
415 590 4
443 1 3
230 170 3
84 87 3
496 113 2
496 112 2
112 110 2
110 111 2
453 229 4
457 189 1
371 368 2
375 376 3
376 377 2
383 384 4
