229
6 7 3
8 6 5
91 8 2
90 91 1
9 13 8
13 93 5
37 38 5
11 12 2
12 89 2
3 7 7
7 88 2
88 37 12
7 89 8
89 92 6
88 92 12
92 16 7
24 25 2
38 39 6
39 40 5
40 42 3
42 41 5
113 35 1
34 31 4
5 4 6
4 3 1
7 43 11
166 95 1
115 2 1
5 6 4
33 118 3
166 47 3
92 15 3
15 36 4
7 39 12
92 95 14
93 16 5
16 94 1
84 85 7
85 112 2
107 116 3
112 32 5
110 111 4
111 28 3
96 97 2
97 100 2
96 98 2
100 102 2
98 45 2
97 45 2
45 102 1
98 117 1
117 99 2
102 103 2
45 127 4
114 55 5
113 34 2
118 34 4
32 118 3
118 119 2
119 30 2
30 31 3
30 29 3
119 120 4
120 29 3
29 28 3
112 46 3
46 120 5
44 111 1
44 114 3
28 114 1
113 37 18
36 37 5
117 84 1
103 19 3
103 104 5
104 106 2
109 21 4
3 2 6
10 121 2
9 121 2
121 90 4
10 90 4
91 11 7
116 48 3
128 51 3
11 14 5
14 93 2
14 92 3
16 18 4
47 96 3
95 47 3
17 48 2
48 166 5
107 95 5
49 97 1
83 24 6
123 47 1
123 49 4
94 48 2
102 50 2
100 50 2
101 100 1
50 104 3
24 108 2
21 22 3
22 23 3
108 109 3
109 26 2
20 21 3
51 20 6
27 25 3
19 51 4
27 44 2
46 110 2
124 83 2
127 128 3
99 125 1
125 124 2
125 122 3
122 110 3
107 52 2
52 87 5
87 49 9
19 128 3
19 127 1
35 79 4
127 99 2
43 163 4
106 82 3
21 126 4
108 136 7
25 53 4
146 28 6
141 31 6
110 141 13
126 26 3
126 135 4
146 80 1
134 131 5
131 139 2
134 135 2
135 136 4
136 131 3
131 132 1
132 133 3
139 133 3
139 130 3
130 129 4
130 59 2
138 130 3
53 138 4
53 137 4
137 130 6
137 136 2
130 133 5
133 155 2
140 155 2
155 156 3
129 156 3
140 130 3
59 57 3
57 147 2
147 144 3
147 58 2
58 61 4
58 60 2
60 61 3
145 60 2
53 54 4
55 53 5
55 157 3
157 147 2
56 157 1
55 146 4
146 143 2
143 144 3
144 145 1
64 142 3
142 158 5
141 143 3
143 158 2
158 78 1
78 145 2
158 62 4
158 63 3
63 62 2
141 142 3
154 151 4
159 160 2
161 160 2
41 161 4
151 76 5
76 75 3
75 73 5
73 148 3
74 75 3
76 77 4
77 66 4
148 149 4
149 66 4
76 153 4
153 152 4
66 72 4
66 150 4
149 67 2
67 150 4
150 68 3
68 69 2
69 71 1
71 70 3
64 69 5
67 65 6
148 79 2
79 65 5
65 64 8
64 70 4
75 77 4
165 132 1
34 65 6
164 163 4
163 162 5
2 164 6
105 81 4
81 106 2
81 82 3
82 1 3
84 99 2
86 123 2
116 94 3
