632
254 256 2
260 259 5
262 250 1
257 251 4
254 255 2
251 252 3
252 253 3
255 257 3
257 258 2
259 393 10
261 391 4
251 116 7
251 263 4
255 51 7
256 281 4
253 116 5
263 258 3
263 50 4
340 48 2
49 278 5
278 54 2
49 50 2
50 51 4
51 278 3
247 340 3
278 279 1
46 339 3
279 47 3
54 47 3
321 47 4
48 321 4
54 43 3
43 42 4
43 291 2
53 43 3
281 53 4
281 52 4
52 43 6
52 51 2
43 47 5
47 322 2
55 322 2
46 44 6
322 323 3
44 323 4
42 323 3
55 43 3
44 45 2
42 41 5
41 40 6
291 289 3
289 287 2
287 284 3
287 290 2
290 293 4
290 292 2
292 293 3
293 41 5
293 56 4
56 40 4
285 292 2
281 282 4
286 281 5
286 324 3
324 287 2
288 324 1
284 285 1
285 277 14
277 326 3
326 39 1
39 325 1
325 32 6
32 327 1
327 276 1
276 25 5
25 274 5
327 31 3
31 275 5
328 32 6
328 35 2
35 34 4
34 30 3
37 35 2
36 328 1
37 36 3
277 40 4
38 36 3
38 32 5
30 33 5
275 27 3
27 28 7
29 275 2
29 27 3
29 30 5
26 25 1
25 329 4
276 329 5
24 329 6
69 70 2
70 330 2
62 39 5
69 325 5
57 326 6
311 330 4
330 276 4
311 24 2
24 272 3
272 273 2
273 271 2
272 23 2
71 311 2
71 24 2
312 311 3
312 69 4
22 273 2
22 271 1
63 62 2
62 57 5
300 58 3
58 57 6
296 283 3
283 331 5
331 294 4
331 295 3
295 294 2
275 332 3
31 333 2
333 26 4
333 332 5
279 321 4
321 46 2
326 38 5
294 58 5
2 3 5
1 319 4
319 2 3
1 92 4
92 334 2
334 90 3
90 81 4
1 94 3
91 88 6
3 4 4
4 96 3
96 87 5
334 93 2
113 335 2
114 335 2
259 114 4
335 115 5
115 1 6
94 336 3
336 91 2
93 90 3
92 336 6
319 97 2
97 95 7
2 98 2
98 96 5
4 112 4
4 100 2
100 99 3
99 87 4
88 89 1
95 310 10
90 82 8
81 85 3
82 86 2
86 318 2
318 80 5
318 307 4
81 316 5
316 315 3
314 315 3
316 317 4
317 297 4
297 80 7
316 84 4
84 85 3
84 83 4
83 80 3
80 337 4
337 307 4
337 79 1
79 111 8
87 310 6
310 308 2
307 308 1
88 307 7
308 309 2
307 66 2
308 305 3
66 305 2
309 305 4
297 303 4
303 111 5
111 302 2
298 299 2
299 301 1
301 300 3
296 299 5
299 302 4
302 78 6
78 306 1
66 306 2
306 305 2
305 304 3
66 65 4
65 64 6
64 63 4
283 304 20
304 76 3
296 300 4
302 61 4
61 60 2
60 59 3
59 57 3
78 60 8
76 75 1
75 64 2
77 76 12
5 6 3
6 7 2
7 101 3
320 9 3
8 265 3
264 265 2
265 270 3
270 269 3
14 12 4
12 13 4
13 268 2
268 267 2
267 110 2
110 269 2
11 10 5
10 264 4
112 7 6
6 266 3
7 266 3
266 10 5
266 11 4
270 15 2
16 15 2
320 103 2
103 264 2
102 103 1
99 9 4
9 310 8
8 104 2
104 309 6
269 17 6
17 18 4
265 304 16
104 105 5
105 106 2
106 74 2
74 73 5
74 77 2
309 74 7
270 107 6
107 108 2
108 109 2
109 73 4
18 19 3
19 20 2
18 72 6
76 313 5
313 312 2
313 67 2
67 312 2
67 71 4
67 68 2
72 68 3
68 272 4
20 21 2
21 22 4
73 67 6
10 16 3
101 338 2
338 320 2
338 102 1
264 8 4
9 8 3
315 317 4
85 82 5
247 279 1
271 439 3
33 348 3
227 5 2
267 425 3
269 236 7
339 280 2
361 246 1
347 356 3
356 355 2
355 357 3
357 344 3
344 342 4
370 154 2
370 342 1
117 154 2
117 160 3
160 370 2
160 342 1
359 152 2
360 118 3
118 154 3
117 118 2
343 117 1
360 162 1
360 359 5
158 362 4
344 158 1
152 151 4
151 150 3
150 144 5
132 144 6
347 346 2
160 46 7
120 339 2
120 280 1
120 121 3
363 280 3
363 121 2
121 344 3
151 149 3
149 150 3
153 366 2
149 358 4
366 358 2
148 358 3
148 356 1
371 148 2
357 153 3
371 366 2
371 153 3
158 153 5
156 357 2
122 156 1
121 122 2
364 122 2
363 364 2
123 163 4
157 345 1
345 355 2
157 163 4
346 163 1
163 125 3
163 126 3
126 365 5
365 348 2
365 164 1
164 348 1
348 127 6
127 128 3
128 134 4
134 372 3
128 372 3
133 28 5
125 126 2
147 355 2
375 163 3
129 128 4
163 129 7
131 130 3
131 146 3
146 135 3
145 135 3
347 375 2
375 124 2
163 124 3
124 374 2
124 130 3
130 135 4
117 119 3
119 160 3
124 165 1
165 131 3
375 165 2
145 373 1
146 373 2
134 367 2
367 135 6
144 142 7
143 142 6
142 141 2
141 140 4
140 368 2
368 369 2
141 139 4
139 353 1
139 368 2
139 369 1
368 354 3
140 159 2
143 159 6
376 143 1
376 373 5
144 376 6
159 354 1
159 377 1
377 354 2
377 137 5
137 349 2
349 351 5
135 137 9
136 349 5
367 136 7
130 128 6
369 138 5
354 138 4
352 378 1
351 378 1
350 351 3
150 132 7
361 144 14
364 157 3
136 380 3
380 350 1
116 341 2
116 49 3
341 118 4
157 123 2
133 372 3
379 347 5
132 379 1
48 343 2
343 341 4
342 362 4
362 359 2
155 361 8
343 340 2
132 131 5
360 154 2
130 129 3
355 346 4
379 148 4
371 147 1
382 174 7
174 175 4
174 172 3
169 168 3
170 169 1
174 383 6
383 384 3
384 178 2
388 184 5
184 389 3
184 183 6
183 386 5
386 390 4
390 385 3
385 194 4
194 193 4
178 386 9
175 394 9
394 388 4
390 188 4
188 189 7
184 397 3
389 190 4
183 187 3
187 185 5
185 392 6
392 391 4
391 189 5
188 192 5
189 393 3
393 192 4
174 169 5
170 171 2
171 172 2
166 167 2
166 197 6
197 173 6
182 394 6
383 176 2
176 177 5
177 180 5
180 385 3
386 196 1
196 188 5
196 187 6
190 395 1
250 392 6
182 181 5
181 386 4
182 178 6
178 179 3
179 180 4
396 194 1
396 195 4
172 173 4
168 249 2
381 166 2
381 168 3
381 249 1
388 186 3
186 397 2
395 185 5
191 395 2
387 389 6
387 397 1
198 422 3
413 414 1
198 420 4
420 413 1
420 213 2
415 213 1
415 413 2
214 415 2
414 210 5
210 198 7
210 212 5
212 414 2
210 217 4
248 217 2
217 416 2
416 218 2
210 412 5
412 209 3
209 210 4
210 211 6
412 206 5
206 208 2
208 207 4
207 421 4
421 411 4
208 211 7
421 211 8
411 410 5
206 219 4
219 113 7
220 3 4
220 222 2
221 3 9
222 417 3
223 417 2
417 224 1
224 200 5
220 112 5
248 413 1
227 226 2
226 225 2
225 418 4
418 228 3
228 403 2
228 419 1
419 244 3
200 401 2
401 199 3
225 201 3
201 200 2
201 402 3
402 406 3
403 404 6
404 409 3
402 203 1
203 204 2
204 205 2
205 405 2
406 407 3
405 407 3
407 408 1
204 403 4
418 404 9
405 404 4
410 199 9
401 202 2
199 400 3
410 400 6
400 399 4
408 398 3
214 216 2
214 166 4
215 166 4
216 166 3
218 195 3
210 396 7
206 1 11
418 264 16
419 238 1
228 11 9
422 245 1
423 424 3
28 433 5
229 28 8
423 136 6
230 233 4
425 234 6
234 444 3
235 425 3
235 426 6
426 427 4
429 428 4
428 236 3
440 443 2
440 441 1
441 442 2
443 442 1
442 445 1
231 232 2
233 444 2
444 237 1
230 231 3
429 427 1
445 230 2
428 430 5
430 431 2
431 432 2
449 440 2
439 438 4
436 435 1
435 437 3
437 434 4
434 433 5
244 14 3
232 268 3
441 14 6
271 432 6
435 274 3
332 437 3
238 239 3
239 240 4
240 446 4
446 448 2
446 447 1
241 240 3
242 236 3
445 243 1
161 155 2
