498
305 277 2
283 19 4
19 35 6
19 284 11
284 313 3
282 15 8
297 299 2
299 298 4
298 309 4
309 33 4
299 300 7
309 300 8
33 34 7
33 295 3
33 31 5
31 32 5
32 295 4
32 21 3
296 21 3
296 295 6
296 34 8
15 296 2
21 20 3
20 15 5
302 301 1
301 286 5
305 304 2
304 303 2
303 307 4
307 306 3
306 293 2
306 308 1
308 383 3
286 289 2
289 285 3
303 287 3
287 286 2
287 290 3
290 26 3
293 24 6
24 30 3
30 29 2
29 36 3
290 291 1
291 292 2
292 294 2
294 25 2
26 27 3
25 27 3
27 28 1
292 293 4
269 382 4
307 24 9
268 269 5
25 24 4
31 285 9
289 288 2
285 23 3
31 23 6
23 22 4
22 9 5
28 6 3
36 4 6
6 4 7
9 11 3
11 6 6
10 9 3
12 9 3
12 10 2
10 8 7
12 281 3
281 13 4
20 22 7
14 13 1
310 8 5
12 310 4
281 311 6
15 311 5
311 14 2
8 7 3
4 280 3
280 5 3
5 7 4
280 2 7
4 3 7
3 2 4
3 1 4
15 18 4
15 312 4
312 16 3
312 17 2
16 17 3
2 279 7
2 5 5
308 345 1
1 381 2
268 1 1
313 15 11
313 384 1
258 272 1
383 278 3
273 50 1
385 145 1
385 318 1
387 121 5
386 387 2
81 336 3
336 89 1
89 91 3
89 335 2
333 335 2
333 334 2
424 326 2
326 323 2
326 330 2
330 327 3
327 425 2
331 424 2
331 324 2
324 325 1
324 88 2
88 84 3
84 83 1
83 82 4
353 142 9
145 149 4
316 149 6
318 49 3
49 45 6
45 44 2
44 43 4
145 150 3
150 151 2
151 152 1
153 152 1
153 154 1
154 40 2
40 39 1
39 317 2
317 41 2
318 273 1
345 346 3
346 347 4
347 123 4
123 125 2
125 126 5
126 127 3
123 124 1
128 129 3
129 130 2
130 131 2
131 349 3
349 133 3
133 134 6
134 118 4
118 342 2
135 350 2
350 138 3
139 138 2
139 351 4
351 352 2
351 143 2
143 342 2
342 117 2
117 115 4
115 341 5
341 113 6
113 340 5
340 320 2
320 321 2
321 59 2
59 322 4
322 75 2
386 385 13
352 142 3
146 343 3
343 387 1
343 120 2
146 122 4
120 50 9
122 145 7
39 45 4
121 142 2
352 121 1
45 47 7
50 51 5
51 319 8
319 54 3
54 56 4
56 57 3
57 58 3
58 320 2
120 117 6
122 354 3
354 147 2
147 148 4
40 42 4
46 44 5
51 52 5
52 48 6
319 53 2
54 68 4
68 69 1
69 70 2
70 72 4
72 73 3
70 71 4
68 67 3
67 61 5
60 62 3
54 55 3
55 114 3
114 341 2
55 113 5
119 118 6
349 132 3
344 328 2
351 121 3
328 329 2
90 336 1
333 339 3
339 338 3
332 333 2
332 88 2
90 84 3
83 85 2
85 86 3
86 87 3
86 88 5
81 80 3
80 79 2
79 106 3
106 59 3
79 76 4
76 322 2
76 77 2
77 78 2
77 80 3
80 91 1
91 92 1
79 337 2
337 94 2
337 93 2
94 95 2
95 96 2
96 94 3
96 97 2
97 98 2
98 99 2
99 100 1
100 101 2
101 107 2
107 423 2
108 105 5
329 330 2
104 59 3
108 109 1
109 340 2
340 58 1
109 110 2
110 111 3
423 112 6
112 275 4
60 321 3
321 61 2
66 59 2
74 59 3
66 64 3
64 63 3
63 65 4
348 347 3
352 141 2
141 140 2
139 140 3
137 138 2
381 135 3
137 350 1
351 141 1
144 143 1
116 120 6
116 115 3
338 96 3
349 4 4
4 135 4
317 38 2
43 315 3
81 367 4
38 37 2
231 232 3
355 158 6
158 157 2
160 161 2
356 163 1
163 164 4
164 357 2
156 157 4
173 172 6
172 358 2
358 171 2
171 165 3
170 37 4
170 169 4
358 169 3
357 359 2
359 315 2
357 360 1
360 359 1
315 174 1
160 361 1
361 157 2
159 361 3
161 162 4
162 356 5
356 175 2
175 165 5
167 166 3
166 41 3
174 360 1
165 37 3
168 39 7
155 262 6
167 314 8
87 270 3
191 190 3
189 190 2
189 187 4
187 364 3
188 364 4
192 231 5
228 226 2
227 226 4
226 225 2
231 229 3
229 225 3
225 208 6
219 208 6
208 212 3
216 212 5
218 217 4
210 211 2
199 368 4
200 369 2
368 369 3
194 368 5
201 202 2
235 203 3
369 202 3
202 203 4
203 215 5
215 214 2
214 371 3
213 371 4
371 236 2
236 238 3
239 238 1
238 237 3
367 198 2
198 372 2
372 243 2
243 180 2
180 363 2
213 241 5
241 183 3
183 179 4
179 178 1
181 180 2
176 362 10
176 224 5
224 223 1
223 221 1
221 222 1
222 219 2
220 219 3
370 208 2
242 241 3
233 231 3
234 231 6
227 207 5
206 207 7
203 244 1
205 244 3
186 364 2
244 204 2
204 206 2
195 365 2
237 196 3
366 367 5
196 366 3
366 197 1
372 240 3
178 363 2
363 177 3
181 182 3
177 184 4
240 245 2
245 180 3
213 373 2
373 217 5
373 212 3
211 212 3
211 213 4
209 210 4
207 370 2
207 210 3
365 63 2
47 194 16
196 75 7
185 359 11
258 186 3
367 82 3
261 377 2
377 260 3
377 258 3
257 191 3
376 191 4
376 256 2
376 255 2
379 378 6
378 264 6
265 379 1
255 254 4
375 251 4
251 380 1
380 253 3
380 252 1
378 266 1
266 267 4
267 263 2
267 262 3
247 248 2
248 249 2
249 250 2
259 258 2
247 374 2
379 374 6
260 265 5
265 375 3
255 265 7
246 375 4
356 264 4
261 357 2
419 192 11
136 381 2
60 271 4
414 411 3
400 402 1
402 401 2
401 404 1
404 407 3
407 414 2
398 413 3
397 389 1
397 395 2
374 393 5
393 389 5
389 390 3
407 409 4
404 406 1
406 405 2
405 401 1
407 417 1
417 416 4
402 415 1
415 416 1
395 396 3
389 388 4
393 392 2
395 394 4
391 392 5
246 394 2
411 412 5
417 408 2
416 403 1
409 410 1
398 399 2
409 257 4
418 419 8
421 420 2
419 412 3
422 418 6
368 422 9
193 422 1
46 193 7
354 274 1
274 343 3
341 275 1
229 230 1
231 421 7
365 276 1
105 104 1
104 103 2
103 102 1
99 102 4
423 108 1
310 13 2
128 124 6
334 326 5
413 397 1
